Агафонцев Роман	1	3	5	6	0	10	0	0	0	0	0	0
Бриних Ксения	1	3	3	5	4	9	3	3	0	0	0	0
Ветров Кирилл	1	3	0	2	0	0	0	0	0	0	0	0
Вольный Алексей	1	3	5	4	0	0	0	0	0	0	0	0
Домбровская Анна	1	3	2	4	3	10	2	3	0	0	0	0
Дульцева Алина	1	3	0	0	0	0	0	0	0	0	0	0
Ермакова Елизавета	1	3	4	5	0	9	0	0	0	0	0	0
Ефременко Кирилл	1	3	2	0	0	0	0	0	0	0	0	0
Кораблина Элла	1	3	4	6	5	10	4	5	0	0	0	2
Котляр Герман	1	3	0	3	0	0	0	0	0	0	0	0
Кочетков Илья	1	3	0	4	0	0	0	0	0	0	0	0
Кривоносова Екатерина	1	3	0	0	0	0	0	0	0	0	0	0
Кузнецов Станислав	1	3	0	0	0	0	0	0	0	0	0	0
Кукуева Виктория	1	3	5	6	5	9	2	5	0	0	0	2
Майорова Майя	1	3	3	0	0	5	0	0	0	0	0	0
Мананкова Анастасия	1	3	0	4	0	0	0	0	0	0	0	0
Манько Матвей	1	3	0	2	0	4	0	0	0	0	0	0
Марков Святослав	1	3	4	5	0	9	0	0	0	0	0	0
Михалев Иван	1	3	0	2	2	2	0	3	0	0	0	0
Обоскалова Зоя	1	3	5	6	0	10	0	0	0	0	0	0
Радионов Егор	1	3	3	0	0	4	0	0	0	0	0	0
Руденко Мария	1	3	4	6	5	9	4	5	0	0	0	2
Садовникова Анастасия	1	3	3	4	3	6	2	4	0	0	0	0
Ткаченко Сергей	1	3	2	0	0	0	0	0	0	0	0	0
Топорук Дмитрий	1	3	0	0	0	0	0	0	0	0	0	0
Федяшов Антон	1	3	5	6	5	10	0	0	0	0	0	2
Фощенко Кирилл	1	3	4	2	3	8	1	3	0	0	0	0
Холманов Николай	1	3	4	2	0	0	0	0	0	0	0	0
Черепахина Дарья	1	3	3	4	0	2	2	0	0	0	0	0
Чесноков Евгений	1	3	5	4	4	5	1	4	0	0	0	0
Чубинидзе Надежда	1	3	4	6	5	5	4	5	0	0	0	2
Чумаян Борис	1	3	4	3	0	3	2	0	0	0	0	0
Чухин Андрей	1	3	3	3	0	8	0	0	0	0	0	0
Шрам Максим	1	3	3	1	0	0	0	0	0	0	0	0
Беликов Георгий	1	4	4	4	4	5	6	5	0	0	0	0
Братухина Татьяна	1	4	3	4	4	15	10	11	0	0	0	0
Воротий Сергей	1	4	0	0	0	0	0	0	0	0	0	0
Годованый Руслан	1	4	0	0	0	0	0	0	0	0	0	0
Довгаль Ольга	1	4	2	3	2	8	3	3	0	0	0	0
Емельянов Максим	1	4	5	4	4	12	9	9	0	0	0	0
Ерохин Сергей	1	4	0	0	0	0	0	0	0	0	0	0
Жирков Владислав	1	4	0	0	0	0	0	0	0	0	0	0
Ковалевский Максим	1	4	0	0	0	0	0	0	0	0	0	0
Ковальский Максим	1	4	3	3	3	12	8	10	0	0	0	0
Колупаева Екатерина	1	4	3	4	4	7	8	9	0	0	0	0
Коряк Игорь	1	4	5	4	5	12	8	10	0	0	0	0
Кочур Никита	1	4	0	0	0	0	0	0	0	0	0	0
Кудряков Андрей	1	4	4	4	4	7	6	6	0	0	0	0
Куркунава Елизавета	1	4	3	4	3	9	8	9	0	0	0	0
Лаштабега Денис	1	4	0	0	0	0	0	0	0	0	0	0
Лутченко Денис	1	4	5	5	5	19	12	15	0	0	0	0
Медяковская Анна	1	4	4	4	5	18	11	12	0	0	0	0
Мешков Матвей	1	4	0	0	0	0	0	0	0	0	0	0
Мишуров Максим	1	4	0	0	0	0	0	0	0	0	0	0
Неснова Маргарита	1	4	0	0	0	0	0	0	0	0	0	0
Нуждин Анатолий	1	4	0	0	0	0	0	0	0	0	0	0
Остапенко Максим	1	4	0	0	0	0	0	0	0	0	0	0
Очеретный Валерий	1	4	4	4	3	6	4	4	0	0	0	0
Пархоменко Иван	1	4	0	0	0	0	0	0	0	0	0	0
Попов Григорий	1	4	0	0	0	0	0	0	0	0	0	0
Поповян Надежда	1	4	4	4	5	18	10	10	0	0	0	0
Романцова Виктория	1	4	4	4	4	9	8	8	0	0	0	0
Семенов Артем	1	4	5	4	4	19	1	12	0	0	0	0
Теплюков Денис	1	4	5	5	4	12	8	11	0	0	0	0
Тимошенко Дмитрий	1	4	0	0	0	0	0	0	0	0	0	0
Тихонов Алексей	1	4	5	5	4	10	9	10	0	0	0	0
Фленов Александр	1	4	0	0	0	0	0	0	0	0	0	0
Хорошкин Михаил	1	4	0	0	0	0	0	0	0	0	0	0
Шеремьёва Диана	1	4	3	4	3	8	5	5	0	0	0	0
Яковлева Ирина	1	4	0	0	0	0	0	0	0	0	0	0
